<svg xmlns="http://www.w3.org/2000/svg" xmlns:xlink="http://www.w3.org/1999/xlink" xml:space="preserve" width="100%" height="100%" version="1.1" style="shape-rendering:geometricPrecision; text-rendering:geometricPrecision; image-rendering:optimizeQuality; fill-rule:evenodd; clip-rule:evenodd" viewBox="0 0 8798 2118">
 <g>
  <g>
   <path class="city-background city-border" d="M8798 2114c-74,0 -241,-1 -290,-1 -12,-252 -23,-535 2,-635l-28 0c0,-68 -9,-136 -9,-198l-4 0c0,64 -9,131 -9,198l-21 0c29,190 0,399 0,592 -32,-8 -59,-52 -91,-59 -60,-12 -374,-9 -450,-9 0,-46 -9,-140 4,-177l-60 0 0 -68c0,0 12,0 12,0 -2,-3 -6,-9 -7,-9l-14 0c34,-70 -92,-68 -60,0 0,0 -11,0 -11,0 -2,0 -2,4 -6,9l13 0 0 68 -210 0c-7,-20 -2,-34 4,-38 0,0 -20,0 -60,0 -39,0 -78,0 -116,0 -6,-67 -67,-125 -133,-125l4 -94 -17 0 -5 94c-61,0 -133,60 -133,125l-193 0c9,6 11,17 9,34l-18 0 0 -545c0,-21 -33,-13 -47,-13l0 -34 -99 0 0 34 -51 0 0 189 -34 0 0 26 -18 0 0 -580 60 0 1 -176 -99 0 -3 -70c2,84 -4,72 -96,72l0 -71 -9 0c0,13 1,26 1,39 0,39 -12,38 -87,34 0,-38 -4,-71 -12,-73 0,30 -3,48 -5,73l-77 0 -22 -172 0 211c-87,0 -199,13 -199,36 1,14 28,20 118,45 20,6 13,24 13,50 -12,1 -66,0 -75,1 -7,2 10,969 10,1066l-21 0 -4 -945 -69 0 0 -34 -267 0 1 34 -69 0 0 202 0 704c-22,-17 -36,-21 -78,-21 0,-45 1,-84 1,-133 -34,-3 -72,-6 -92,-34 -18,-25 -37,-49 -76,-52 0,-66 -16,-34 -17,-68l-8 0c-1,35 -22,8 -22,68 -63,5 -64,48 -93,66 -5,3 -6,2 -12,5 -11,7 5,0 -11,7 -6,2 -46,7 -56,8 0,51 0,89 0,137 -45,-5 -59,-1 -77,17l0 -816c0,-50 0,-90 0,-90l-69 0c0,0 -1,-35 -1,-35l-270 1 0 34 -68 0c0,311 -5,608 -5,919l-11 -107 -25 0 -34 -232 -14 0 -14 51c0,-103 -15,-217 -17,-325 -12,0 -23,0 -23,0l-16 334 -4 0 -5 -60 -15 0c-2,0 -12,182 -23,232l-13 0c-33,0 -22,-168 -22,-245l-21 0c0,49 11,239 -39,245 -2,-5 -18,-198 -22,-232 0,0 -14,0 -14,0l-15 48 -13 -323 -26 0 -17 322 -13 -47 -13 0c-1,9 -21,166 -30,232l-17 0c-1,-13 -2,-18 -2,-18 -3,0 -7,1 -7,1l-4 43c0,-55 0,-109 0,-164 0,-58 4,-103 4,-159 0,-54 0,-108 0,-163 0,-47 2,-55 2,-55 -20,-1 -76,-1 -101,-1 0,-27 -4,-25 -30,-25l0 -22 -25 0 0 -26 -26 0 0 -25 -138 0 0 25 -24 0 0 25 -30 0 0 23c-26,0 -30,0 -31,25l-99 0 0 391 -82 0 0 -382 -107 0 0 -26 -28 0c-2,-26 -20,-45 -45,-47 0,-11 0,-21 0,-21l-138 0 0 21c-26,0 -51,26 -51,47l-26 0 0 26 -30 0 0 -219c-1,-11 -53,-13 -69,-13l0 -60 -64 0c0,-26 2,-47 -2,-47l-71 0c0,0 0,51 0,107l-22 0 0 -228c0,-18 -17,-12 -34,-13 -44,0 -86,-8 -133,-8l0 -116 -129 0 0 -43 -129 0 0 -206c-9,4 -2,2 -7,5 -12,10 10,0 -10,8l-13 0 -13 0 -13 0 -13 0 -4 0c-20,-15 4,-10 -21,-13l0 249 -30 0c0,39 4,83 -5,120l-38 0 0 365 -129 0 0 -236c0,-23 -61,-13 -77,-13l0 -133c0,-18 -35,-18 -35,0l0 133 -120 0 0 -133c0,-21 -33,-13 -47,-13 -10,0 -13,3 -13,13l0 133 -47 0 0 760c-109,0 -288,-8 -426,-1 -160,8 -339,68 -390,83l0 -249 -146 0 0 -60 -43 0 0 -65 -125 0 0 65 -82 0 0 60c-14,0 -47,-8 -47,13l0 202c-45,0 -94,22 -119,44 -17,14 -25,25 -37,44 -9,13 -23,40 -24,58l-194 -1c-35,0 -34,-4 -34,31l-60 -5c0,-152 -4,-295 -4,-451 0,-151 -1,-307 -1,-458 0,0 0,-1 0,-1l-12 0 -1 -14c0,0 0,0 -21,0 19,-3 30,-7 40,-25 -21,0 -45,0 -65,0l0 -60c8,1 32,1 48,-8 -16,-34 -35,-15 -49,-27 -24,-22 -34,-396 -34,-446 -3,0 -5,0 -8,0 0,62 6,427 -39,446 -24,10 -41,-2 -43,27 14,7 36,8 43,8l0 60c-16,0 -47,0 -58,0 7,19 25,23 41,25l-17 1 0 13 -17 0 4 906 -82 0 0 173"/>
   <path class="shadow border-shadow" d="M915 1304c-1,-31 -62,-84 -72,-97 -62,0 -175,-3 -180,18 -4,10 4,28 44,38 45,12 164,41 208,41z"/>
   <path class="globe-background globe-border" d="M915 1304c23,14 96,-102 111,-125 56,-82 94,-150 23,-243 -35,-47 -115,-77 -185,-50 -87,33 -143,135 -78,242 14,24 36,52 57,79 30,38 60,75 72,97z"/>
   <path class="circle-globe" d="M897 901c-187,35 -137,315 52,281 70,-12 130,-84 113,-168 -13,-69 -80,-129 -165,-113z"/>
   <g>
    <path class="modul-icon-globe" d="M869 1144l103 0c11,0 21,-8 24,-16 6,-14 4,-76 -35,-76 -7,0 -29,26 -64,9 -6,-3 -12,-9 -18,-9 -37,0 -41,62 -34,76 4,9 14,16 24,16z"/>
    <path class="modul-icon-globe" d="M878 1012l0 7c0,20 20,40 40,40 14,0 23,-3 32,-12 11,-12 13,-19 13,-34 0,-13 -8,-25 -19,-32 -2,-2 -3,-3 -6,-4 -11,-5 -22,-5 -34,0 -8,3 -17,11 -21,19 -2,4 -5,10 -5,16z"/>
    <path class="modul-icon-globe" d="M814 1039c0,6 1,11 7,15 7,6 17,5 28,5 3,0 10,-12 26,-14 2,0 3,1 4,-1 1,-1 -2,-5 -3,-7 -6,-11 -4,-18 -4,-29 -20,10 -41,-6 -45,-6 -11,0 -13,24 -13,37z"/>
    <path class="modul-icon-globe" d="M984 1011c-5,0 -12,-1 -15,-3 0,7 2,9 -1,20 0,3 -1,6 -2,8 -6,13 -6,7 4,10 3,1 6,2 8,3 19,10 1,10 28,10 11,0 21,-6 21,-17 0,-12 -1,-40 -13,-40 -4,0 -16,9 -30,9z"/>
    <path class="modul-icon-globe" d="M828 972l0 4c0,13 13,26 26,26l5 0c13,0 26,-13 26,-27l0 -3c0,-14 -13,-27 -29,-27 -14,0 -28,13 -28,27z"/>
    <path class="modul-icon-globe" d="M956 973c0,16 13,29 26,29l5 0c12,0 25,-13 25,-26 0,-9 -1,-16 -8,-23 -19,-17 -48,-4 -48,20z"/>
   </g>
   <path class="shadow border-shadow" d="M2615 432c-1,-31 -61,-84 -71,-97 -63,0 -175,-3 -181,18 -3,10 4,28 44,38 46,12 165,41 208,41z"/>
   <path class="globe-background globe-border" d="M2615 432c23,14 96,-102 111,-125 56,-82 94,-150 24,-243 -36,-47 -116,-77 -186,-50 -87,33 -143,135 -78,242 15,24 36,52 58,79 30,38 60,75 71,97z"/>
   <path class="circle-globe" d="M2598 29c-188,35 -138,314 52,281 69,-12 129,-84 113,-169 -13,-68 -80,-128 -165,-112z"/>
   <g>
    <path class="modul-icon-globe" d="M2565 256l115 0c1,0 2,0 3,0l-38 -40c-7,5 -15,7 -24,7 -24,0 -44,-20 -44,-44 0,-25 20,-44 44,-44 25,0 44,19 45,44 0,7 -7,23 -9,24l33 30 0 -100 -50 -50 -75 0c-5,0 -10,5 -10,10l0 153c0,6 5,10 10,10z"/>
    <circle class="modul-icon-globe" cx="2621" cy="179" r="24"/>
   </g>
   <path class="shadow border-shadow" d="M8480 1227c-1,-31 -61,-84 -71,-97 -62,0 -175,-3 -181,18 -3,10 5,28 44,38 46,12 165,41 208,41z"/>
   <path class="globe-background globe-border" d="M8480 1227c23,14 96,-102 111,-125 56,-82 94,-150 24,-243 -36,-47 -116,-77 -186,-50 -87,33 -142,135 -78,242 15,24 36,52 58,79 30,38 60,75 71,97z"/>
   <path class="circle-globe" d="M8463 824c-188,35 -138,315 52,281 69,-12 129,-84 113,-169 -13,-68 -80,-128 -165,-112z"/>
   <g>
    <path class="modul-icon-globe" d="M8526 1013l0 -23c-15,-2 -31,4 -37,-8 -2,-3 -1,-8 -1,-13 0,-10 -2,-18 6,-23 6,-3 21,-2 28,-2 -2,-4 -8,-7 -14,-9 -10,-2 -12,3 -18,6 -18,12 -37,10 -54,-3 -6,-4 -10,-5 -19,-1 -24,12 -26,58 -19,70 8,12 19,11 37,11 16,0 32,0 48,0 15,0 32,3 43,-5z"/>
    <path class="modul-icon-globe" d="M8461 864c-20,3 -37,20 -34,43 2,20 20,36 43,34 20,-2 36,-21 33,-43 -2,-20 -20,-36 -42,-34z"/>
    <path class="modul-icon-globe" d="M8536 931l0 23c-8,0 -34,-1 -38,1 -1,5 -1,21 0,24 9,2 28,0 38,1 0,4 -1,33 1,38 7,1 12,0 20,0 6,0 5,-6 5,-17 0,-7 0,-14 0,-21 5,-1 24,0 32,0 8,0 6,-3 6,-21 0,-7 -5,-5 -17,-5l-21 0c0,-45 5,-39 -21,-38 -7,0 -5,2 -5,15z"/>
   </g>
   <path class="shadow border-shadow" d="M7242 1510c0,-30 -61,-84 -71,-96 -62,0 -175,-3 -180,17 -4,11 4,29 44,39 45,11 164,40 207,40z"/>
   <path class="globe-background globe-border" d="M7242 1510c24,14 96,-102 112,-124 56,-83 93,-151 23,-244 -36,-47 -115,-76 -185,-50 -87,33 -143,136 -78,242 14,24 36,52 57,80 30,38 60,74 71,96z"/>
   <path class="circle-globe" d="M7225 1107c-187,35 -137,315 52,282 70,-12 129,-84 113,-169 -13,-69 -80,-129 -165,-113z"/>
   <path class="modul-icon-globe" d="M7155 1185l0 147c0,12 9,20 21,20l146 0c13,0 21,-8 21,-20 0,-177 13,-165 -41,-167 -32,0 -15,-24 -58,-21 -23,0 -24,21 -42,20 -24,3 -47,-4 -47,21zm96 3c5,0 9,-4 9,-8 0,-5 -4,-8 -9,-8 -5,0 -9,3 -9,8 0,4 4,8 9,8zm64 149c0,0 -5,-49 -64,-49 -59,0 -68,49 -64,49l128 0zm-64 -62c19,0 35,-14 35,-32 0,-17 -16,-32 -35,-32 -19,0 -35,15 -35,32 0,18 16,32 35,32z"/>
   <path class="shadow border-shadow" d="M6318 489c-1,-30 -61,-83 -71,-96 -63,0 -175,-3 -181,18 -3,10 4,28 44,38 45,11 165,40 208,40z"/>
   <path class="globe-background globe-border" d="M6318 489c23,15 96,-102 111,-124 56,-82 94,-151 24,-243 -36,-47 -116,-77 -186,-51 -87,33 -143,136 -78,243 15,24 36,52 58,79 30,38 60,75 71,96z"/>
   <path class="circle-globe" d="M6301 86c-188,36 -138,315 52,282 69,-12 129,-84 113,-169 -14,-68 -81,-128 -165,-113z"/>
   <g>
    <path class="modul-icon-globe" d="M6269 174c8,13 120,130 139,135l26 -23c-6,-19 -19,-27 -32,-39 -12,-12 -21,-21 -33,-34 -20,-20 -53,-48 -67,-69l-33 30z"/>
    <polygon class="modul-icon-globe" points="6228,216 6281,271 6313,242 6260,187 "/>
    <polygon class="modul-icon-globe" points="6311,134 6364,189 6395,160 6342,104 "/>
    <polygon class="modul-icon-globe" points="6229,319 6346,319 6346,299 6229,299 "/>
   </g>
   <path class="shadow border-shadow" d="M4039 1179c0,-30 -61,-84 -71,-96 -62,0 -175,-3 -181,17 -3,11 5,29 45,39 45,11 164,40 207,40z"/>
   <path class="globe-background globe-border" d="M4039 1179c24,15 96,-102 112,-124 56,-83 93,-151 23,-244 -36,-47 -115,-76 -186,-50 -86,33 -142,136 -77,243 14,23 35,51 57,79 30,38 60,74 71,96z"/>
   <path class="circle-globe" d="M4022 776c-187,35 -138,315 52,282 70,-12 129,-84 113,-169 -13,-68 -80,-129 -165,-113z"/>
   <path class="modul-icon-globe" d="M4047 811c59,0 106,47 106,106 0,59 -47,106 -106,106 -59,0 -106,-47 -106,-106 0,-59 47,-106 106,-106zm43 126c0,15 -12,24 -35,27 0,10 1,19 1,27l-17 0c1,-8 1,-16 1,-27 -12,0 -24,-1 -36,-3l4 -17c10,2 19,3 29,3 9,0 15,0 19,-1 4,-2 5,-4 5,-7 0,-4 -6,-8 -18,-13 -12,-3 -20,-7 -25,-10 -8,-5 -12,-11 -12,-18 0,-7 3,-13 9,-17 6,-5 14,-8 25,-10 0,-12 0,-22 -1,-28l17 0c0,6 -1,16 -1,28 13,0 23,1 30,3l-4 18c-9,-3 -19,-5 -29,-5 -11,0 -17,3 -17,8 0,3 1,5 4,7 3,1 8,3 15,5 11,4 20,7 25,11 7,5 11,11 11,19z"/>
   <path class="shadow border-shadow" d="M5011 919c-1,-31 -62,-84 -72,-97 -62,0 -175,-3 -180,18 -4,10 4,28 44,38 45,11 164,41 208,41z"/>
   <path class="globe-background globe-border" d="M5011 919c23,14 96,-102 111,-125 56,-82 93,-150 23,-243 -35,-47 -115,-77 -185,-50 -87,32 -143,135 -78,242 14,24 36,52 57,79 30,38 60,75 72,97z"/>
   <path class="circle-globe" d="M4993 516c-187,35 -137,314 52,281 70,-12 130,-84 113,-169 -13,-68 -80,-128 -165,-112z"/>
   <g>
    <path class="modul-icon-globe" d="M4935 620l164 0c0,-25 8,-16 -33,-36 -53,-26 -33,-39 -119,9 -16,9 -12,4 -12,27z"/>
    <polygon class="modul-icon-globe" points="4935,740 5099,740 5099,714 4935,714 "/>
    <polygon class="modul-icon-globe" points="4952,697 4978,697 4978,637 4952,637 "/>
    <polygon class="modul-icon-globe" points="5004,697 5030,697 5030,637 5004,637 "/>
    <polygon class="modul-icon-globe" points="5056,697 5081,697 5081,637 5056,637 "/>
   </g>
  </g>
 </g>
</svg>

.city-border {
  stroke:#24669C;
  stroke-width:7.61669
}
.city-background{
  fill:none
}

.globe-border {
  stroke:#ccc;
  stroke-width:8
}
.modul-icon-globe {
  fill:#fff
}
.globe-background {
  fill:#253F80
}
.circle-globe {
  fill:#1F3261
}

.shadow {
  fill:#ccc;
}
.border-shadow {
  stroke:#ccc;
  stroke-width:8
}
